link 0 63.5 36.7008;
link 0 63.5 36.7008;
down 1 12.6667 1;
grainy 1 92.6939 127 86.0063;
limit 1 1;
volume 1 1 49.2449;
speed 1 3;
verb 1 0.95 0.152542 0.995;
zerre 1 69.9796;
delayer 1 18.7323 127 86.5072;
input 1 63.5;
output 1 127;
limit 3 1;
limit 4 1;
volume 4 1 23.3265;
hats 4 63.9951 127 0.00127 19.9938;
room 5 0.99 0.949367 0.5;
simple 23 0 127 31.75 0 0 ;
steps 44 120.064 2 0 ;
volume 48 1 63.5;
output 55 127;
steps 56 120.064 2 0 ;
room 57 0.500013 1 0.754237;
volume 58 1 63.5;
tor 64 107.402;
delayer 64 0.999688 127 0;
toms 65 70.0007 19.0069 20.0022 0.0127 24.0181 0 0 0;
base 65 10.0093 48.9919 20.0022 0.0127 66.0271 0 0 0;
room 66 0.500013 0.85 0.5;
steps 76 120.064 2 0 ;
snare 76 39.0041 127 68.0014 0.0127 45.0025 0 0 0;
volume 78 1 63.5;
steps 98 120.064 2 0 ;
volume 112 1 19.4388;
plopp 332 0 30.0054 5.7417 41.9878 20.009 63.5 20.009 0;
steps 567 120.064 2 0 ;
verb 721 0.899975 0.5 0.850032;
sequenzer 745 120.178 35.0038 0 ;
osci 746 0 3.52867 1.27 1.27 63.5 0.500948 63.5;
volume 748 1 63.5;
graindelay 1234 127 15.2939 2.34177 82.8261;
