0 0 10 8 5 20 0 2 5 14 10 10 5 15 0 3 1 0 0 0.708673 0.472464 0.157488
1 0 0 0.236209 1 0.551185 0.551185 0.157488 1 1 0.287172 4 2;
0 0 10 8 5 20 0 2 5 14 10 10 5 15 0 3 1 0 0 0.708673 0.472464 0.157488
1 0 0 0 1 0.551185 0.551185 0.157488 1 1 0.287172 4 2;
0 0 10 8 5 20 0 2 5 14 10 10 5 15 0 3 1 0.549763 0.170616 0.708673
0.472464 0.157488 0.341232 0.28436 0.270142 0.255924 1 0.551185 0.551185
0.157488 1 1 0.287172 4 2;
0 0 10 8 5 20 0 2 5 14 10 10 5 15 0 3 1 0 0 0.708673 0.472464 0.157488
1 0 0 0 0 0 0 0 1 1 0.287172 4 2;
0 10 17 7 0 7 12 5 7 5 17 10 8 12 22 5 1 0 1 0 1 0.472464 0.157488
0 0 0 0 0 0 0 0 0.236209 0.534646 4 2;
0 10 17 7 0 7 12 5 7 5 17 10 8 12 22 5 1 0 1 0 1 0.472464 0.157488
0 0.56872 0 0.469194 0 0 0 0 0.236209 0.534646 4 2;
0 10 17 7 0 7 12 5 7 5 17 10 8 12 22 5 1 0 1 0 1 0.472464 0.157488
0 0.56872 0 0.469194 0.222749 0.156398 0.161137 0.199052 0.236209 0.534646
4 2;
0 10 17 7 0 7 12 5 7 5 17 10 8 12 22 5 1 0.270142 1 0.260664 0.137441
0.472464 0.157488 0.379147 0.56872 0.28436 0.469194 0.222749 0.156398
0.161137 0.199052 0.236209 0.534646 4 2;
