0 0 0 0 19 0 8 22 2 7 7 24 5 2 2 12 1 0 0 0 0 1 0 0.472464 1 0 0.472464
0.314976 1 0.236209 0 1 0.534646 4 2;
0 2 7 8 2 15 7 0 8 5 5 8 10 22 24 10 1 0 0 0 1 0.787393 0.314976 0.236209
0 0 0 1 1 1 0 0.708673 0.534646 4 2;
0 19 7 2 8 24 10 2 19 2 2 7 12 5 14 10 1 0 0 0.393697 0.472464 0 0
0.236209 1 0.157488 1 0.157488 1 0 1 0 0.534646 3 2;
0 15 15 5 3 7 12 0 0 5 5 0 5 7 0 5 1 0.314976 1 0.314976 0 0.551185
1 0.629905 0 1 0 0 0.236209 0.866161 0.236209 1 0.534646 3 2;
0 19 22 22 7 7 5 10 7 2 0 0 10 10 12 5 1 1 1 1 0.236209 0 0.236209
0.944881 0 0 0.0787204 0.157488 0.157488 0.157488 0.314976 0 0.534646
2 2;
0 10 10 17 0 10 7 5 22 0 0 5 10 2 2 2 1 0 1 1 1 0.393697 0.393697 0.157488
0.708673 0.393697 0 0 0 0.629905 0.708673 0.944881 0.534646 2 2;
0 5 20 5 8 14 0 0 22 5 0 7 2 7 2 2 1 1 0 0 1 0.236209 1 0.708673 0
0 0 0.314976 0.314976 0 0 0 0.534646 4 2;
0 2 0 0 20 10 7 0 2 3 5 5 19 5 5 12 1 0.708673 0.0787204 1 0.236209
0.472464 1 0 0 1 0.157488 0 0.393697 0 0.236209 0 0.534646 4 2;
