looper 0 3 0 0 0 0 0;
keysa 0 0 127 63.5 0 10.0045 63.5 50.1002 ;
midiloop 0 0 1 ;
limit 0 1;
filter 0 0 59.8821 16.0561;
sampler 1 0 127 31.75 0 ;
steps 1 120.064 2 0 ;
base 1 10.0093 48.9919 20.0022 0.0127 66.0271 0 0 0;
steps 1 120.064 2 0 ;
sequenzer 1 120.178 35.0038 0 ;
verb 1 0.95 1 0.995;
output 2 127;
output 2 127;
down 2 24 1;
output 2 127;
output 2 127;
output 2 127;
snare 2 39.0041 127 68.0014 0.0127 45.0025 0 0 0;
output 2 127;
output 2 127;
grainy 2 41.7975 127 84.8971;
input 2 63.5;
output 2 127;
delayer 2 7.9408 127 64.4203;
osci 2 1 3.526 1.27 107.535 47.949 0.500948 63.5;
room 3 0.500013 0.85 0.5;
input 3 63.5;
room 3 0.500013 0.85 0.5;
keysa 3 0 127 63.5 0 10.0045 63.5 50.1002 ;
delayer 4 0.999688 127 0;
input 4 63.5;
graindelay 4 127 6.35105 0.06355 0;
filter 4 0 34.2687 22.6208;
zerre 4 127;
osci 5 0 3.526 1.27 1.27 63.5 0.500948 63.5;
volume 5 1 63.5;
clock 6 14.4006;
sequenzer 6 120.178 35.0038 0 ;
clock 6 14.4006;
filter 6 0 29.9997 5.7417;
clock 8 14.4006;
phaser 8 127 0 1.27966 0;
tapedelay 8 1 0.282374 0.22 0.185625 0.916667 0 0.309375 1 0.81 0.211406
1;
volume 9 1 63.5;
phaser 9 127 0 1.27966 0;
room 15 0.500013 0.85 0.5;
osci 22 0 3.526 1.27 1.27 63.5 0.500948 63.5;
input 45 63.5;
steps 66 120.064 2 0 ;
delayer 66 1.74698 127 121.478;
room 77 0.500013 0.85 0.5;
osci 77 0 3.526 1.27 1.27 63.5 0.500948 63.5;
