0 8 0 24 5 12 0 12 0 12 2 12 14 12 3 2 1 0 0.944881 1 0.787393 0.157488
0 0 1 0.551185 0.393697 0.708673 0.551185 0.157488 0.314976 0.157488
0.534646 4 2;
0 12 12 10 5 2 2 26 10 7 10 8 5 7 5 10 1 0 0 0 0.866161 0.472464 0
0 0 0 1 0 0.866161 0.629905 0 0 0.316869 3 2;
0 26 5 19 5 2 2 0 10 2 10 12 12 26 8 14 1 0 1 0.236209 0.787393 1 1
0.708673 0.314976 1 0 0.236209 0 1 1 0 0.900909 2 2;
0 12 3 8 3 0 3 0 5 12 5 0 19 0 24 10 1 0 0.472464 0 1 0.236209 0.787393
0 0.944881 0 0.866161 0 0.944881 1 0.944881 0 0.534646 1 2;
0 7 20 22 2 0 0 10 14 2 2 14 0 0 2 12 1 0 0.944881 0 0.472464 0 0 0
0 0.236209 0.787393 0.0787204 0 1 0 1 0.138687 4 2;
0 17 7 2 20 0 7 2 3 5 2 14 7 24 0 17 1 0 0.236209 1 1 0 0 0 0.708673
1 0 0 1 0 0 0 0.01 0 2;
0 10 14 0 14 2 24 8 3 3 12 8 10 7 10 12 1 1 1 0.393697 0 1 0 0.393697
0 0 0.157488 0 1 0.314976 1 0 0.99 1 2;
0 17 7 12 14 17 10 7 19 2 5 0 14 14 0 12 1 0.629905 0.629905 1 0 1
0 1 0.472464 0 0 0.787393 0.551185 0.708673 0.236209 0.629905 0.0891919
3 2;
