0 0 10 8 5 20 0 2 5 14 10 10 5 15 0 3 1 0 0 0.708673 0.472464 0.157488
1 0 0 0.236209 1 0.551185 0.551185 0.157488 1 1 0.534646 1 2;
0 14 15 5 8 0 0 2 10 7 22 17 10 5 0 10 1 0 0 0.708673 0.472464 0.157488
1 0 0 0.236209 1 0.551185 0.551185 0.157488 1 0 0.534646 1 2;
0 20 10 2 2 5 7 8 0 19 7 3 19 10 22 0 1 0.0787204 1 1 0 0.551185 0.551185
0 0 0.629905 0.314976 1 1 0.629905 0.157488 0 0.534646 1 2;
0 14 5 0 2 7 3 12 15 7 15 12 3 22 12 0 1 0.393697 1 0.629905 0 0 0.157488
0.393697 0.472464 0 1 0.393697 0 1 0.787393 1 0.534646 1 2;
0 8 19 19 10 0 20 17 3 0 2 10 7 22 8 2 1 0 1 0.0787204 0 0 0.314976
0 0.944881 1 0.314976 1 0.866161 0 1 0.944881 0.534646 2 2;
0 15 12 10 12 26 10 7 7 0 5 5 7 24 8 8 1 0.0787204 0.551185 1 1 0.787393
0 1 1 0 0 0 0.708673 0.236209 1 0.472464 0.534646 2 2;
0 15 12 10 12 26 10 7 7 0 5 5 7 24 8 8 1 0.0787204 0.551185 1 1 0.787393
0 1 1 0 0 0 0.708673 0.236209 1 0.472464 0.534646 3 2;
0 17 22 3 12 2 22 12 0 8 7 5 2 19 12 5 1 1 1 0.944881 0.787393 0.866161
1 0.551185 0.314976 0.393697 0 0.0787204 0.0787204 0.314976 1 0.472464
0.534646 3 2;
