link 0 63.5 36.7;
output 0 127;
grainy 0 30 0.0001 63.5;
noise 0 1 41.4694;
limit 0 1;
tapedelay 1 1 0.515288 0.25 0.0670312 0.458333 0 0.113438 0.125 0.74
0.175313 0.375;
room 1 0.312038 0.85 0.5;
graindelay 1 127 17.3398 0.156575 47.8551;
speed 2 8;
output 2 127;
graindelay 2 38.8776 9.85557 35.0239 106.754;
output 2 127;
graindelay 2 38.8776 9.85557 35.0239 106.754;
grin 2 0.127 0 0 128.27 0 0 63.5 5.00224 29.9876 ;
sequenzer 2 120.178 35.0038 0 ;
output 2 127;
verb 2 0.803772 0.677966 0.900412;
output 2 127;
plopp 2 0 93.6465 12.776 117.151 4.45796 32.398 25.1927 127;
volume 2 1 63.5;
drops 3 63.5 63.5;
grainy 3 29.9977 0.0001 63.5;
chorus 3 88.1225 0 5.00173;
phaser 3 127 0 2.16243 0;
volume 3 1 63.5;
osci 3 1 55.473 1.27 60.8822 63.5 0.500948 63.5;
osci 4 2 55.473 24.5965 40.1476 63.5 0.500948 65.9749;
steps 6 50.7419 1 0 C:/Users/Win7\ Pro\ x64/Desktop/Loop-Ensemble/LoopTools/Aktuelles\ Set/Beispiele/Beispiel\ II/Beispiel\ II-3-StepsSeqBank
;
plopp 7 0 98.7778 9.06838 114.041 87.3967 28.5102 127 0;
phaser 8 127 0 1.27966 0;
input 8 63.5;
filter 55 0 30 5.7417;
delayer 76 0.999688 127 0;
filter 77 0 30 5.7417;
delayer 87 0.999688 127 0;
verb 88 0.9 0.5 0.85;
