12 12 12 12 12 12 12 12 12 12 12 12 12 12 12 12 1 0.483412 0 0 0.587678
0.028436 0 0.819905 0.582938 0 0 0 0 0.729858 0.914692 0.744076 0.554444
4 2;
12 15 12 12 24 12 24 12 24 24 17 14 20 10 5 14 1 0 0 0.800948 0.222749
0.787393 0.787393 1 0 0.866161 0.787393 1 1 1 0.787393 1 0.534646 4
2;
12 12 12 12 12 12 12 12 12 12 12 12 12 12 12 12 1 0.483412 0.189573
0.21327 0.587678 0.028436 0.218009 0.819905 0.582938 0.232227 0.208531
0.227488 0.279621 0.729858 0.914692 0.744076 0.554444 4 2;
12 15 12 12 24 12 24 12 24 24 17 26 20 22 5 27 1 0.336493 0.317536
0.800948 0.222749 0.787393 0.787393 1 0.336493 0.866161 0.787393 1
1 1 0.787393 1 0.534646 4 2;
12 12 12 12 10 12 12 12 7 12 15 12 12 12 12 10 1 0.483412 0 0 0.587678
0.028436 0 0.819905 0.582938 0 0.654028 0 0 0.729858 0.914692 0.744076
0.554444 4 2;
12 12 12 12 12 12 12 12 12 12 12 12 12 12 12 12 1 1 1 1 1 1 1 1 1 1
1 1 1 1 1 1 0.99 3 2;
12 12 12 12 12 12 12 12 12 12 12 12 12 12 12 12 1 1 1 1 1 1 1 1 1 1
1 1 1 1 1 1 0.99 3 2;
12 12 12 12 12 12 12 12 12 12 12 12 12 12 12 12 1 1 1 1 1 1 1 1 1 1
1 1 1 1 1 1 0.99 3 2;
