0 3 0 0 12 0 24 0 12 12 17 14 20 10 5 14 1 0 0 0 0 0.787393 0.787393
1 0 0.866161 0.787393 1 1 1 0.787393 1 0.534646 3 2;
0 0 22 7 26 0 7 10 12 2 8 10 0 0 7 7 1 0 0 1 0.314976 1 0 0.314976
0.708673 0.944881 0 0.551185 0.787393 0 0 1 0.534646 3 2;
0 8 14 22 3 5 0 7 17 3 10 8 0 10 26 5 1 0 0 1 0.314976 1 0 0.314976
0.708673 0.944881 0 0.551185 0.787393 0 0 0.314976 0.534646 3 2;
0 2 2 12 2 2 17 5 3 12 8 12 20 0 20 14 1 0 0.551185 1 1 0 0.157488
0 0.393697 1 0 0.708673 0.551185 0 0.787393 1 0.534646 3 2;
0 0 0 0 11 0 0 0 0 0 0 0 0 0 0 0 1 1 1 1 1 1 1 1 1 1 1 1 1 1 1 1 0.99
3 2;
0 0 0 0 0 11 0 0 0 0 0 0 0 0 0 0 1 1 1 1 1 1 1 1 1 1 1 1 1 1 1 1 0.99
3 2;
0 0 0 0 0 0 0 9 0 0 0 0 0 0 0 0 1 1 1 1 1 1 1 1 1 1 1 1 1 1 1 1 0.99
3 2;
0 12 0 10 0 10 0 10 8 16 0 11 12 16 10 8 0.488152 0.464455 0.412322
0.549763 0.369668 1 0.559242 0.805687 0.706161 0.327014 1 0.649289
0.445498 1 0.417062 1 0.99 3 2;
