13 7 1 1 0 0 0 25 96;
1 3 1 1 0 0 0 25 96;
0 0 1 1 0 0 0 25 96;
5 10 1 1 75 0 0 25 102;
4 5 1 1 75 0 0 25 110;
3 2 1 1 75 0 0 25 100;
8 3 1 2 25 0 0 25 109;
6 14 1 2 25 0 0 25 114;
7 9 1 2 25 0 0 25 113;
11 2 1 2 75 0 0 25 96;
10 5 1 2 75 0 0 25 96;
9 12 1 2 75 0 0 25 96;
15 10 1 3 25 0 0 25 86;
14 5 1 3 25 0 0 25 79;
18 2 1 3 50 0 0 25 123;
17 7 1 3 50 0 0 25 118;
16 11 1 3 50 0 0 25 124;
19 3 1 3 75 0 0 25 74;
21 3 1 4 0 0 0 25 96;
20 0 1 4 0 0 0 25 96;
23 5 1 4 25 0 0 25 116;
22 2 1 4 25 0 0 25 113;
24 4 1 4 50 0 0 25 60;
26 6 1 4 75 0 0 25 96;
25 3 1 4 75 0 0 25 96;
27 7 2 1 0 0 0 25 115;
28 3 2 1 25 0 0 25 50;
31 10 2 1 50 0 0 25 96;
30 5 2 1 50 0 0 25 96;
29 2 2 1 50 0 0 25 96;
34 2 2 2 0 0 0 25 96;
33 5 2 2 0 0 0 25 96;
32 8 2 2 0 0 0 25 96;
35 1 2 2 25 0 0 25 67;
38 7 2 2 50 0 0 25 96;
37 3 2 2 50 0 0 25 96;
36 0 2 2 50 0 0 25 96;
40 3 2 2 75 0 0 25 125;
39 7 2 2 75 0 0 25 127;
41 0 2 3 0 0 0 25 103;
42 0 2 3 25 0 0 25 127;
