28 12 1 1 0 0 1 0 96;
2 7 1 1 0 0 1 0 96;
1 3 1 1 0 0 1 0 96;
0 0 1 1 0 0 1 0 96;
5 8 1 2 0 0 1 0 96;
4 5 1 2 0 0 1 0 96;
3 2 1 2 0 0 1 0 96;
8 5 1 3 0 0 1 0 96;
7 3 1 3 0 0 1 0 96;
6 0 1 3 0 0 1 0 96;
11 14 1 4 0 0 1 0 96;
10 7 1 4 0 0 1 0 96;
9 3 1 4 0 0 1 0 96;
15 12 2 1 0 0 1 0 96;
14 8 2 1 0 0 1 0 96;
13 2 2 1 0 0 1 0 96;
12 20 2 1 0 0 1 0 96;
19 5 2 2 0 0 1 0 96;
18 9 2 2 0 0 1 0 96;
17 11 2 2 0 0 1 0 96;
16 19 2 2 0 0 1 0 96;
23 11 2 3 0 0 1 0 96;
22 7 2 3 0 0 1 0 96;
21 15 2 3 0 0 1 0 96;
20 2 2 3 0 0 1 0 96;
27 13 2 4 0 0 1 0 96;
26 8 2 4 0 0 1 0 96;
25 3 2 4 0 0 1 0 96;
24 1 2 4 0 0 1 0 96;
