1 3 1 1 0 0 0 25 96;
0 0 1 1 0 0 0 25 96;
3 5 1 1 25 0 0 25 104;
2 2 1 1 25 0 0 25 104;
45 4 1 1 49 0 0 25 75;
5 3 1 1 75 0 0 25 103;
4 6 1 1 75 0 0 25 105;
6 7 1 2 0 0 0 25 96;
46 3 1 2 25 0 0 25 43;
9 5 1 2 50 0 0 25 120;
8 2 1 2 50 0 0 25 123;
7 10 1 2 50 0 0 25 126;
10 2 1 3 0 0 0 25 109;
11 5 1 3 0 0 0 25 104;
12 8 1 3 0 0 0 25 109;
42 1 1 3 25 0 0 25 75;
15 7 1 3 50 0 0 25 96;
14 3 1 3 50 0 0 25 96;
13 0 1 3 50 0 0 25 96;
18 7 1 3 75 0 0 25 127;
43 0 1 4 0 0 0 25 75;
44 0 1 4 25 0 0 25 75;
17 3 1 3 75 0 0 25 127;
20 20 1 4 75 0 0 50 96;
20 20 1 4 75 0 0 50 96;
26 7 2 2 0 0 0 25 96;
25 3 2 2 0 0 0 25 96;
24 0 2 2 0 0 0 25 96;
29 10 2 2 75 0 0 25 96;
28 5 2 2 75 0 0 25 96;
27 2 2 2 75 0 0 25 96;
32 3 2 3 25 0 0 25 96;
31 9 2 3 25 0 0 25 96;
30 14 2 3 25 0 0 25 96;
35 12 2 3 75 0 0 25 96;
34 5 2 3 75 0 0 25 96;
33 2 2 3 75 0 0 25 96;
39 5 2 4 25 0 0 25 96;
36 10 2 4 25 0 0 25 96;
40 7 2 4 50 0 0 25 96;
38 2 2 4 50 0 0 25 96;
37 11 2 4 50 0 0 25 96;
41 3 2 4 75 0 0 25 96;
